0 0.0537109375 0.6436965812500001 0.0361328125 0.646367521875 0.0302734375 0.641025640625 0.0224609375 0.6570512828124999 0.0078125 0.6637286328124999 0.0078125 0.6770833328125 0.0166015625 0.6944444437499999 0.037109375 0.693108975 0.0498046875 0.6837606843749999 0.0771484375 0.6810897437500001 0.078125 0.666399571875 0.0537109375 0.6436965812500001
0 0.1337890625 0.79326923125 0.1533203125 0.7959401703125 0.17578125 0.7732371796875 0.1923828125 0.739850428125 0.205078125 0.7358440171875 0.21875 0.685096153125 0.2373046875 0.6570512828124999 0.25 0.6610576921875 0.251953125 0.693108975 0.2587890625 0.7051282046875 0.302734375 0.6744123937500001 0.2802734375 0.6436965812500001 0.2666015625 0.641025640625 0.2626953125 0.6330128203125 0.2373046875 0.6303418796875 0.2236328125 0.5956196578124999 0.1904296875 0.603632478125 0.1728515625 0.6009615390625 0.1611328125 0.608974359375 0.1494140625 0.6063034187499999 0.140625 0.6209935890625 0.134765625 0.6637286328124999 0.134765625 0.690438034375 0.138671875 0.6957799140625001 0.1357421875 0.7104700859374999 0.123046875 0.6797542734375 0.12109375 0.6236645296875001 0.1083984375 0.625 0.08984375 0.6396901703125 0.091796875 0.6744123937500001 0.111328125 0.6797542734375 0.1083984375 0.6917735046875 0.08984375 0.706463675 0.1025390625 0.7264957265625 0.0341796875 0.721153846875 0 0.7305021375 0.0009765625 0.7665598296875 0.0263671875 0.78792735 0.0458984375 0.8146367515625 0.0703125 0.8133012828125 0.0888671875 0.8092948718749999 0.1064453125 0.7852564109375 0.1220703125 0.7986111109375 0.1337890625 0.79326923125
0 0.20703125 0.9815705124999999 0.19921875 0.9762286328125 0.19140625 0.9548611109375 0.1806640625 0.8760683765625 0.1650390625 0.884081196875 0.1484375 0.9094551281250001 0.150390625 0.9655448718749999 0.1455078125 0.977564103125 0.140625 0.9708867515625 0.142578125 0.9361645296875001 0.1279296875 0.9081196578125 0.09375 0.9201388890625 0.1103515625 0.990918803125 0.1240234375 0.9882478625 0.1279296875 0.99358974375 0.1337890625 0.9829059828125001 0.1435546875 0.9829059828125001 0.140625 0.9949252140624999 0.1494140625 0.9989316234375 0.23046875 0.997596153125 0.228515625 0.9762286328125 0.2060546875 0.9081196578125 0.203125 0.9628739312500001 0.20703125 0.9815705124999999
0 0.3203125 0.946848290625 0.341796875 0.8854166671874999 0.3349609375 0.8119658125000001 0.3193359375 0.8146367515625 0.2939453125 0.8333333328125001 0.2763671875 0.8360042734375 0.2705078125 0.8547008546875 0.2607421875 0.849358975 0.25 0.8533653843750001 0.251953125 0.9147970078125001 0.255859375 0.9174679484375 0.263671875 0.978899571875 0.2685546875 0.996260684375 0.27734375 0.9949252140624999 0.2900390625 0.9748931625000001 0.30078125 0.9682158125000001 0.3076171875 0.9508547015625 0.3203125 0.946848290625
0 0.4794921875 0.608974359375 0.46875 0.6263354703124999 0.466796875 0.6557158125 0.5048828125 0.697115384375 0.515625 0.6984508546875 0.498046875 0.6557158125 0.490234375 0.6583867515625 0.494140625 0.6423611109375 0.4794921875 0.608974359375
0 0.5244140625 0.5582264953125 0.509765625 0.5702457265625 0.5048828125 0.5876068375 0.4951171875 0.5742521375 0.482421875 0.5942841875 0.5166015625 0.6116452984375 0.51953125 0.6022970078125 0.5068359375 0.6009615390625 0.50390625 0.5942841875 0.513671875 0.5916132484375 0.5126953125 0.571581196875 0.5205078125 0.5742521375 0.546875 0.6049679484375 0.5673828125 0.6436965812500001 0.58203125 0.6423611109375 0.58984375 0.615651709375 0.5927734375 0.534188034375 0.5693359375 0.536858975 0.5244140625 0.5582264953125
0 0.310546875 0.765224359375 0.3232421875 0.7532051281250001 0.3857421875 0.7238247859375 0.4423828125 0.7077991453125 0.443359375 0.6557158125 0.4462890625 0.6490384609375 0.4609375 0.6450320515625 0.46875 0.5942841875 0.3896484375 0.625 0.2548828125 0.7104700859374999 0.251953125 0.765224359375 0.26953125 0.8319978625 0.283203125 0.8319978625 0.3330078125 0.8066239312500001 0.369140625 0.7785790593749999 0.3603515625 0.771901709375 0.310546875 0.765224359375
0 0.603515625 0.415331196875 0.61328125 0.44738247812500004 0.62109375 0.4553952984375 0.625 0.41266025624999997 0.6201171875 0.400641025 0.6044921875 0.40865384687499995 0.603515625 0.415331196875
0 0.572265625 0.4580662390625 0.5830078125 0.4727564109375 0.599609375 0.4794337609375 0.58984375 0.44738247812500004 0.5791015625 0.43269230781249995 0.5673828125 0.43002136718750006 0.572265625 0.4580662390625
0 0.5966796875 0.4994658125 0.5634765625 0.47542735 0.5458984375 0.44604700781249995 0.5244140625 0.46207265 0.50390625 0.4927884609375 0.5048828125 0.5181623937500001 0.537109375 0.5328525640625 0.521484375 0.5488782046875 0.521484375 0.556891025 0.52734375 0.556891025 0.5751953125 0.53151709375 0.5927734375 0.53151709375 0.6015625 0.5168269234375 0.5966796875 0.4994658125
0 0.7529296875 0.35256410312500003 0.7353515625 0.36858974375 0.7119140625 0.3579059828125 0.6572265625 0.38194444375000003 0.650390625 0.40731837656250003 0.6484375 0.46340812031249995 0.6572265625 0.4834401703125 0.6640625 0.4821047015625 0.7373046875 0.440705128125 0.763671875 0.3699252140625 0.7578125 0.3565705125 0.7529296875 0.35256410312500003
0 0.8525390625 0.49145299218750005 0.84375 0.5008012828124999 0.84375 0.5355235046875 0.8525390625 0.5555555562500001 0.86328125 0.559561965625 0.873046875 0.522168803125 0.87109375 0.5008012828124999 0.8662109375 0.49145299218750005 0.8525390625 0.49145299218750005
0 0.701171875 0.6637286328124999 0.7080078125 0.678418803125 0.712890625 0.6770833328125 0.7470703125 0.5635683765625 0.7099609375 0.584935896875 0.685546875 0.583600428125 0.701171875 0.6637286328124999
0 0.6630859375 0.6196581203125 0.6513671875 0.6196581203125 0.609375 0.6450320515625 0.6015625 0.666399571875 0.6162109375 0.697115384375 0.6298828125 0.7051282046875 0.6435546875 0.6837606843749999 0.6533203125 0.678418803125 0.6640625 0.685096153125 0.666015625 0.7144764953125 0.67578125 0.7144764953125 0.6865234375 0.713141025 0.693359375 0.6984508546875 0.6875 0.693108975 0.6630859375 0.6196581203125
0 0.810546875 0.6022970078125 0.8173828125 0.6303418796875 0.84375 0.59962606875 0.84375 0.5889423078125 0.830078125 0.5729166671875 0.8095703125 0.515491453125 0.78125 0.543536325 0.78125 0.5755876062499999 0.7890625 0.583600428125 0.7880859375 0.5982905984375 0.7763671875 0.590277778125 0.7734375 0.578258546875 0.76171875 0.564903846875 0.7578125 0.59962606875 0.740234375 0.6477029921875 0.724609375 0.671741453125 0.72265625 0.690438034375 0.7265625 0.690438034375 0.7646484375 0.665064103125 0.791015625 0.6610576921875 0.7939453125 0.5956196578124999 0.810546875 0.6022970078125
0 0.78125 0.4260149578125 0.775390625 0.4553952984375 0.78125 0.484775640625 0.8046875 0.5008012828124999 0.810546875 0.4981303421875 0.810546875 0.4260149578125 0.8017578125 0.4139957265625 0.78125 0.4260149578125
0 0.9638671875 0.328525640625 0.9189453125 0.3445512828125 0.900390625 0.36191239375 0.9189453125 0.36591880312499997 0.9228515625 0.37393162343749997 0.9482421875 0.387286325 0.9541015625 0.384615384375 0.9609375 0.393963675 0.92578125 0.39930555624999997 0.9453125 0.43402777812500004 0.9677734375 0.4246794875 0.990234375 0.40464743593749997 0.9921875 0.377938034375 0.9638671875 0.328525640625
0 0.89453125 0.4180021375 0.8828125 0.3859508546875 0.8720703125 0.37393162343749997 0.837890625 0.393963675 0.84375 0.4420405984375 0.841796875 0.4927884609375 0.849609375 0.4927884609375 0.8740234375 0.4887820515625 0.91796875 0.452724359375 0.912109375 0.4313568375 0.89453125 0.4180021375