0 0 0.650247565625 0.0042153375 0.6602506171875 0.0247663515625 0.660348953125 0.03808284375 0.651909015625 0.0655463 0.651151984375 0.06754521875 0.63656571875 0.044774307812500004 0.6122149921875 0.0270526875 0.6136532390625 0.021580215625 0.607915640625 0.0126688546875 0.6233572734374999 0 0.6280953296875 0 0.650247565625
0 0 0.74698534375 0.0074361359375 0.7541870187499999 0.025056656249999996 0.7821937890624999 0.049504404687499996 0.7825646125 0.0682933671875 0.7798622703125 0.0875055109375 0.7571085531249999 0.102160871875 0.7715206671875 0.11422370625 0.7670092578125 0.1335210640625 0.771036121875 0.15751096874999998 0.74995523125 0.1764010328125 0.717807875 0.1893448921875 0.7146968031250001 0.20652345625000001 0.665026259375 0.22698925625 0.638344015625 0.2393741703125 0.6432262453125001 0.239086753125 0.6753356953125 0.2450676203125 0.6878024984375 0.2910485109375 0.6602269796875 0.2707849140625 0.6280191937499999 0.25733265781250003 0.6244010578125 0.25399486875 0.6161352703125 0.2288524109375 0.611699675 0.2176359390625 0.5761083328125001 0.18395474843749998 0.5817855015625 0.166605759375 0.5778948796875001 0.154356609375 0.5850707234375 0.14285272031250001 0.5815888296875 0.13306033281250002 0.595630121875 0.12423418593749999 0.6378523359375 0.12237103125 0.664496675 0.12589513593749999 0.670098028125 0.12194785 0.6845480515625 0.1114260890625 0.6530214796875 0.1133903453125 0.596932125 0.1006328 0.5973787625 0.0810985765625 0.6107388390625 0.08062484375 0.6455127234375 0.0997358859375 0.652204021875 0.095974915625 0.663989609375 0.0764406921875 0.6773496859375 0.0877077140625 0.6982185203125 0.019887490625 0.6881211453125 0 0.6920938109375 0 0.74698534375
0 0.1604284625 0.9322266796875001 0.1552087453125 0.8528765437500001 0.1390628609375 0.8597799 0.1207317421875 0.8839339562499999 0.11876748749999999 0.9400233109375 0.11305815 0.9516726562500001 0.10865302031249999 0.9446709625 0.11302348749999999 0.910169565625 0.10036704375000001 0.8811711859375 0.065432196875 0.890776884375 0.07705596249999999 0.9625424484374999 0.0908808484375 0.9608317156249999 0.09440495156249999 0.9664330703124999 0.100995315625 0.9561840640625 0.1107371515625 0.9568652796875 0.10697618125 0.96865086875 0.11546436093750001 0.9732606125000001 0.19641476093750002 0.977582484375 0.1959569171875 0.956130771875 0.1783017359375 0.8866209109375 0.17155971875 0.9410374406249999 0.174152246875 0.9599609640625 0.1667314078125 0.954087125 0.1604284625 0.9322266796875001
0 0.3136013296875 0.7996933359375 0.297828075 0.801267825 0.27119509375 0.8181477015624999 0.25347347187499997 0.819585946875 0.24632416250000003 0.8378282562500001 0.2369549578125 0.8318181734375001 0.2259594640625 0.8350654859375 0.223622578125 0.8964837078125001 0.22733299687500003 0.8994206281249999 0.23084121249999998 0.9612475796875 0.23450108125 0.9789070093750001 0.24336189218749998 0.9781878859375001 0.25742364375000004 0.9590902124999999 0.268605453125 0.9531784640625001 0.2766357875 0.9363364953125 0.2895796484375 0.933225425 0.3152969421875 0.8734421187500001 0.3136013296875 0.7996933359375
0 0.4560155703125 0.6530203640625001 0.49112084375 0.6969758296874999 0.50174370625 0.6990573828125 0.487189446875 0.6552002531250001 0.4792096625 0.6573197140625 0.48422428906250004 0.6416055968750001 0.4719404765625 0.60727835 0.46001340625 0.623847834375 0.4560155703125 0.6530203640625001
0 0.4987597734375 0.5877340390625 0.4899495140625 0.5737306546875 0.47588776250000003 0.592828328125 0.5087731390625 0.612531403125 0.51234779375 0.6034102484375 0.49977656406250004 0.601192453125 0.4973198015625 0.5943270015625 0.507247953125 0.592343784375 0.5076711359375 0.5722924093749999 0.5152782890625 0.575501815625 0.5394386203125 0.6079820859375 0.5571949046875 0.64804693125 0.5719008171875 0.6477365374999999 0.5815574390625 0.6216371703125 0.590162609375 0.5405763015625 0.5665958859375 0.54160581875 0.520292915625 0.559787696875 0.5048417421875 0.5707558265625 0.4987597734375 0.5877340390625
0 0.3704072859375 0.7153093375 0.4280278296875 0.7032737859375 0.4326351625 0.651385446875 0.4360235015625 0.644928725 0.45091572968750004 0.6419538984375001 0.462249190625 0.5918746265625 0.3811976890625 0.6169977703125 0.2407982546875 0.6928588812500001 0.2340562390625 0.7472754109374999 0.246933659375 0.8151124453125 0.26057223125 0.816066146875 0.31202559218750003 0.794228225 0.3500266984375 0.768772165625 0.341724834375 0.7614979875000001 0.2925072578125 0.7513627046875 0.3060100640625 0.74025833125 0.3704072859375 0.7153093375
0 0.6239102390625 0.4639510265625 0.63078801875 0.4215925703125 0.6267555203125 0.409262009375 0.6106096359375 0.41616536875000004 0.6091696640625 0.42275833125 0.616675715625 0.4554127515625 0.6239102390625 0.4639510265625
0 0.600801359375 0.4864322578125 0.5932953078125001 0.453777834375 0.583604021875 0.4383741125 0.5721001343750001 0.43489221875000006 0.575014740625 0.4632093828125 0.5847060265625 0.4786131078125 0.600801359375 0.4864322578125
0 0.5495502015625 0.4493801484375 0.52700026875 0.46386807812499997 0.5043997859375 0.4930785140625 0.5036039734375 0.518458759375 0.5347273 0.53536115625 0.51802246875 0.5502578140625001 0.5174635234375 0.558251115625 0.5233086250000001 0.5586598453125 0.5728136187499999 0.5366856796875 0.590348925 0.5379118671875001 0.6001413125 0.523870575 0.59648144375 0.5062111484375 0.5650360375 0.479915109375 0.5495502015625 0.4493801484375
0 0.721309828125 0.37303449375 0.66507870625 0.3931995921875 0.656489425 0.41803486406249996 0.650628434375 0.4738517328125 0.6579987218750001 0.49444807968750004 0.664911165625 0.493592715625 0.7408628265625 0.45740310624999997 0.7721031421875 0.388634890625 0.7671896171875 0.374903990625 0.762598171875 0.3705667328125 0.7439449734375 0.385327146875 0.721309828125 0.37303449375
0 0.8404346484375 0.559415759375 0.8478049359375 0.5800121078125 0.8582414828125 0.5847580953125 0.870591734375 0.5481372359375001 0.8701338890624999 0.526685521875 0.865915075 0.5170193953125 0.8522765046874999 0.51606569375 0.842856746875 0.52477811875 0.8404346484375 0.559415759375
0 0.700019325 0.691502465625 0.74203415625 0.58064828125 0.7035246546875 0.59937513125 0.6792632203125 0.596339878125 0.6892606984375 0.6773628390625 0.69505525 0.692494075 0.700019325 0.691502465625
0 0.59899164375 0.6523083749999999 0.5897076515624999 0.6730788734375001 0.6021777796875 0.7047416859375 0.6152574046875 0.7136886890625 0.6303864984375 0.693326921875 0.640500965625 0.68867926875 0.650751196875 0.6960896890625 0.6506500953125001 0.72553470625 0.6603919312500001 0.726215921875 0.671201109375 0.7256330421875 0.6790451296875 0.71145550625 0.6735726578125 0.705717909375 0.6543417390624999 0.6307429390625 0.6426515359375 0.6299254796875 0.59899164375 0.6523083749999999
0 0.8359630796875 0.623362171875 0.836708340625 0.6127044359375 0.8241876609375 0.5957641312499999 0.8077355859375001 0.53704825 0.7775279484375 0.56304928125 0.7752921640625 0.5950224875 0.7825266875 0.6035607625 0.7805277687500001 0.6181470265625 0.7693965109375 0.6093362671875 0.7673123796875 0.5971419484375 0.7565537531250001 0.583002321875 0.75023491875 0.617367475 0.7293459359375001 0.6641010984375 0.712082159375 0.6869910578125 0.708829584375 0.7055058515625 0.7127263187499999 0.7057783375 0.752489478125 0.6831229578125 0.779071909375 0.6809655875 0.7865591859375 0.6158913218750001 0.8026545203125 0.6237104718750001 0.80751749375 0.6521638796875 0.8359630796875 0.623362171875
0 0.7816268875 0.504431734375 0.8038894015625001 0.52205325625 0.80992081875 0.5197975515625 0.814951334375 0.44785783593749995 0.8070221 0.4352547890625 0.785725825 0.445814190625 0.7778312546875 0.4747142328125 0.7816268875 0.504431734375
0 0.9090477984374999 0.39017860625 0.9272778140625 0.395469565625 0.9306156031249999 0.403735353125 0.9550128000000001 0.41882868437500004 0.9610442171875 0.41657297968749996 0.9672114 0.4263753484375 0.9317681578125001 0.4292518421875 0.94882973125 0.46525191250000003 0.9718880578125001 0.457493190625 0.995691646875 0.43907673125 0.9995031687499999 0.4125686359375 0.9746986765625 0.3613010828125 0.9287683375 0.3741540953125 0.9090477984374999 0.39017860625
0 0.879958053125 0.40019303281249996 0.8444642609375 0.41779203281250005 0.8469556859375 0.466160571875 0.8414673265625 0.516648571875 0.8492607953125001 0.5171935453125001 0.8738948593750001 0.514899934375 0.9202483812500001 0.481995546875 0.9158938015625001 0.4602713453125 0.8992900734375 0.4457229890625 0.8898356546875 0.41293232343749997 0.879958053125 0.40019303281249996