0 0.0783435140625 0.7504737171875 0.0746400328125 0.76791334375 0.0620421140625 0.777936125 0.0652729078125 0.790894134375 0.0780009296875 0.8056132796875 0.09757649375 0.799356190625 0.10763314531249998 0.787214309375 0.133518509375 0.77800765625 0.13091219062499998 0.76351759375 0.1017309796875 0.7473952749999999 0.085321159375 0.7542394109375 0.0783435140625 0.7504737171875
0 0.2515139890625 0.8435564828125001 0.259545428125 0.807145178125 0.270894396875 0.8001865015625 0.2718831390625 0.7476385390625 0.2831020046875 0.7159379359375 0.29638945 0.7167540640625 0.3060384671875 0.7473807828125001 0.3155790625 0.757389228125 0.350788184375 0.7169544734375 0.3215636046875 0.6925848453125 0.307651684375 0.69330076875 0.30192298906250004 0.6864709703125 0.276640415625 0.6900219171875001 0.2549745875 0.6596386187500001 0.2246962140625 0.6754459875000001 0.20699407656250002 0.6771069203125 0.1975619 0.687716746875 0.1855450875 0.6879601671875 0.18057097187499999 0.70434024375 0.1852241875 0.747223384375 0.19168577656250002 0.773139403125 0.1967683125 0.7773775984375 0.1974795234375 0.792340165625 0.1777304890625 0.7656080171874999 0.16226604218750001 0.7116568828125 0.15027091406249998 0.7160239578125001 0.1358212546875 0.7347665531249999 0.1461164296875 0.7679848734375 0.16635983593749998 0.768443040625 0.1664248875 0.7808140046875 0.1519752265625 0.7995565984375 0.16913962656249998 0.8159223390625 0.1015185 0.827276765625 0.0706156515625 0.8446161859375 0.08028634999999999 0.879366559375 0.11009203593750001 0.8939568250000001 0.1355047140625 0.91514780625 0.1588704953125 0.9079457109375 0.175904790625 0.899569521875 0.187145340625 0.871992571875 0.20553700468749997 0.8811705515625 0.215615340625 0.8731523265625001 0.23521258750000001 0.8710188890625 0.2515139890625 0.8435564828125001
0 0.42029975156250005 1 0.422403403125 0.9840040046875 0.433752371875 0.9770453265624999 0.4397369140625 0.9122409453125 0.4153346640625 0.8426256578125001 0.4008199515625 0.8489972874999999 0.3807066484375 0.8732810484375 0.36429682812499997 0.880125184375 0.36313461406249997 0.8996839078125 0.352366753125 0.8968632234375 0.3429128921875 0.9033493968749999 0.35966965625 0.962483734375 0.3641060328125 0.9641303296875 0.378053271875 1 0.42029975156250005 1
0 0.5054542140625 0.65912295 0.5524243 0.69007895625 0.563170478125 0.6887759859375 0.53577595625 0.651562890625 0.5288416796875001 0.65604450625 0.52875494375 0.6395498890625 0.506464640625 0.6106986437499999 0.500241575 0.6301428265625 0.5054542140625 0.65912295
0 0.525931784375 0.58382328125 0.5132254453125 0.5732277906250001 0.5057534296874999 0.5957360781250001 0.5431178671875 0.604312675 0.5436989750000001 0.5945333125000001 0.5310576874999999 0.5963087875 0.5265996265624999 0.5905385375 0.5354290125000001 0.5855844171875 0.529635265625 0.5663836546875001 0.5378618609375 0.5670852421875 0.5708766578125 0.5905098625 0.6001446046875001 0.6231268015625 0.614034840625 0.618287221875 0.6151536875 0.5904811890625 0.5982885046875001 0.5107285781249999 0.57619335625 0.518990225 0.537775125 0.5505906234375 0.5264695234375 0.565796609375 0.525931784375 0.58382328125
0 0.44328424999999994 0.7448177 0.494365453125 0.71556548125 0.4827129078125 0.6647929953125 0.48394017343750007 0.6576052328124999 0.4971842515625 0.650174053125 0.49248766718750003 0.5990436031249999 0.4231665875 0.647983425 0.3130811625 0.7635174390625 0.3234847578125 0.8173540328125 0.35669470937500003 0.87789154375 0.3699604703125 0.87458401875 0.4121472375 0.83791495625 0.44042208125000004 0.80196181875 0.43027869531249996 0.79760908125 0.380338021875 0.803178921875 0.3897485140625 0.7884454390625 0.44328424999999994 0.7448177
0 0.60670589375 0.42742501875 0.60015756875 0.3850143828125 0.5925120828125 0.37453343281249996 0.5792896890625 0.38608827031250004 0.57995753125 0.3928035265625 0.5971869828124999 0.421540228125 0.60670589375 0.42742501875
0 0.5916751265625 0.4559469765625 0.5744456765625 0.4272102734375 0.560468703125 0.415555234375 0.5484518921875 0.4157986546875 0.5599743328125 0.4418292140625 0.5739513046875 0.4534842546875 0.5916751265625 0.4559469765625
0 0.531482646875 0.43654580468750004 0.5145134046875001 0.45729295781249996 0.5020455890625 0.4920576671875 0.5091316531250001 0.516441634375 0.543954821875 0.5228991328125 0.5326709046875 0.542228771875 0.53460938125 0.550003578125 0.5402947078125 0.5485860671875 0.580586365625 0.5123895093749999 0.5976423453125 0.508136975 0.6026164609375 0.49175690000000005 0.59367865625 0.47609274687500003 0.555646375 0.46080089218750003 0.531482646875 0.43654580468750004
0 0.6712436546875 0.31086013125 0.6239960375 0.34741465 0.6235016671875 0.37368863124999996 0.6351758953125 0.4285847734375 0.6485500765625 0.4458955203125 0.654859878125 0.4429459578125 0.715910996875 0.3850572390625 0.7243717546874999 0.310000990625 0.7154556328125 0.2984604921875 0.7097486234375 0.29575435 0.6965695968750001 0.31555649375 0.6712436546875 0.31086013125
0 0.8421330687499999 0.45130765312500004 0.8555072515625 0.4686184 0.8668995875000001 0.4699070328125 0.8673289078125 0.43126208750000006 0.860264528125 0.411001778125 0.8532652000000001 0.40311243125 0.8399994375000001 0.40641995625 0.833733003125 0.41761682968749997 0.8421330687499999 0.45130765312500004
0 0.7494071984375 0.620320296875 0.75510985 0.50190840625 0.724272053125 0.5316187890624999 0.7002601140625 0.5362292859375 0.7348057515625 0.6101973109375 0.74499250625 0.6227973578125 0.7494071984375 0.620320296875
0 0.6412125234375 0.6142637718749999 0.638801359375 0.6368866015625 0.6604455031249999 0.6631462453125 0.6756497421875001 0.6676135234375 0.6837462328125 0.643573184375 0.691929459375 0.6360274609375 0.7039679546875 0.6399076953125 0.7129708124999999 0.6679428125 0.7224463562500001 0.6655802937499999 0.732546375 0.661685721875 0.7356253828125 0.64577815 0.7286477375 0.6420124578124999 0.6871895078125 0.576649703125 0.6758188546875 0.5794847265625 0.6412125234375 0.6142637718749999
0 0.8576408828125001 0.513506096875 0.855056246875 0.5031396890625001 0.8379135328125 0.4908976046875 0.8041224734375 0.44013945468750004 0.7834280640625 0.4742025765625 0.7911819703125 0.5053017984375 0.8007008828125001 0.511186590625 0.8033072015625 0.5256766515625 0.789998071875 0.52073686875 0.78424769375 0.5097834156250001 0.769646246875 0.49966042968749996 0.77425609375 0.534296259375 0.768830975 0.5851976265625 0.759485534375 0.6123020718750001 0.7621135375 0.6309157890625 0.76590375625 0.6299707812500001 0.79671986875 0.5961367421875 0.8213345999999999 0.5858705390625001 0.80834636875 0.5216675375000001 0.8260701921875 0.5241302609375 0.839487740625 0.5496883171875 0.8576408828125001 0.513506096875
0 0.7692125671875 0.41718733593749996 0.7958308265625 0.42706690312499995 0.8008699937499999 0.423057790625 0.7834237046875 0.353084540625 0.7719879984375 0.3435485984375 0.754997071875 0.360172096875 0.7564194921875 0.3900972265625 0.7692125671875 0.41718733593749996
0 0.8550908968750001 0.2691509265625 0.8740636687500001 0.26854954375 0.8797923640624999 0.27537934218750004 0.9076595734374999 0.282194803125 0.912698740625 0.27818568906249996 0.921593178125 0.2856025328125 0.8887735359375 0.29929080468749997 0.916124690625 0.328256590625 0.9356568859375001 0.3137521921875 0.9526044453125 0.2888813859375 0.948037965625 0.2624928640625 0.9086049468749999 0.22139953281250002 0.8688943984374999 0.24781672968750001 0.8550908968750001 0.2691509265625
0 0.8305195328125 0.28766443750000004 0.8022013203125 0.3153702671875 0.8195175078125001 0.3606015890625 0.8298994171875 0.4103145265625 0.8374798531250001 0.4084245125 0.8601994749999999 0.3986308140625 0.8941162796875 0.35301285625 0.8832616812499999 0.33369755156249997 0.8629749078125 0.3249920765625 0.8438503468749999 0.2967278765625 0.8305195328125 0.28766443750000004